Keys inside 0: [
  'codigo',
  'tipoServicio',
  'horarios',
  'color',
  'sistema',
  'id',
  'nombre',
  'trazado'
]
--- FULL TRAZADO START ---
"{ \"type\": \"LineString\", \"coordinates\": [ [-74.046333443338, 4.75415421709442], [-74.0463792999856, 4.75390065263319], [-74.0463871013449, 4.75385298989492], [-74.04640720002, 4.75377481953785], [-74.0464315047952, 4.75369998963448], [-74.0464770818984, 4.75356874560351], [-74.046501405199, 4.75348042679381], [-74.0465243932168, 4.75338536167116], [-74.046535887686, 4.75333749188647], [-74.0465519928284, 4.75325260243409], [-74.0465594768317, 4.7531878659414], [-74.0465615770877, 4.75312716867795], [-74.0465585833917, 4.75306380417151], [-74.0465537378724, 4.75296124403676], [-74.0465457772116, 4.75288367169626], [-74.0465271445516, 4.75274470997645], [-74.0464995787072, 4.75250593890989], [-74.0465009461353, 4.75245482056445], [-74.0465003109432, 4.75242784183273], [-74.0464989867929, 4.75241300218179], [-74.0464983404767, 4.75239411679058], [-74.0464980518968, 4.75237126568586], [-74.0464966722294, 4.75233986028577], [-74.0464971303453, 4.75229632039918], [-74.0465019094794, 4.75224304575027], [-74.0465187812443, 4.75207109369653], [-74.0465202997219, 4.75205729584417], [-74.0465280543954, 4.75201365075761], [-74.0465605125143, 4.75187610859821], [-74.0467112245993, 4.75130488933671], [-74.0467196551186, 4.75127376591361], [-74.046758406695, 4.75110691910262], [-74.0467722230276, 4.75105073856981], [-74.0467995577792, 4.75092033095896], [-74.0468107403436, 4.75087017084541], [-74.046814811023, 4.75084319861628], [-74.0468403606617, 4.75066705397916], [-74.0468410496059, 4.75065491489586], [-74.0468538183608, 4.75054634005625], [-74.0468565426409, 4.75052071485766], [-74.0468737743442, 4.75030179793578], [-74.0468751624166, 4.75027010087173], [-74.0468966354507, 4.74963047755987], [-74.0469291515097, 4.74887711143358], [-74.0469256138764, 4.74871958370648], [-74.0469257095254, 4.7486499072462], [-74.0469326789156, 4.7485088642608], [-74.0469634451076, 4.74830837413115], [-74.0469941459616, 4.7481554679212], [-74.0470027565433, 4.74810076806551], [-74.0470079129999, 4.74804639345563], [-74.0470984032339, 4.7475688557467], [-74.0471068081386, 4.74752450108541], [-74.0472395402365, 4.74682404136328], [-74.0472651512833, 4.74666528754602], [-74.0472831566202, 4.74655367876155], [-74.0472881694982, 4.74650421222608], [-74.0473655210063, 4.74604965551833], [-74.0473840548166, 4.74593570615978], [-74.0473892572294, 4.74590446555273], [-74.047394087533, 4.74587545946539], [-74.0475062145536, 4.74520213293768], [-74.0476421325551, 4.74438593789697], [-74.0476464577346, 4.74435996490559], [-74.0476548596052, 4.74431230062617], [-74.0478236240802, 4.74326328555608], [-74.0479043799236, 4.74276131729054], [-74.0479123598297, 4.74271171512228], [-74.0479207935513, 4.74265306316169], [-74.0481009507158, 4.74172279541015], [-74.0481094050447, 4.74164905854494], [-74.0482483193185, 4.74084653673459], [-74.0483918257397, 4.73994768125218], [-74.0487438014402, 4.73780192738036], [-74.0487841700128, 4.73760252665048], [-74.048969485289, 4.73647402217947], [-74.0489795825339, 4.73642040076015], [-74.0489853915362, 4.73638373319504], [-74.0490183420455, 4.73617574297738], [-74.0490666484655, 4.73587590362537], [-74.0491673080047, 4.73525110556368], [-74.0494159425505, 4.73376546834359], [-74.0495647069892, 4.73285044681509], [-74.0495855723358, 4.73272210775174], [-74.0498253049219, 4.73135559089268], [-74.049850346398, 4.73121284968494], [-74.0498651871301, 4.73113473498218], [-74.0499160452556, 4.73083995991144], [-74.0500336818066, 4.7301581337299], [-74.0500914672775, 4.72978644485869], [-74.0502239170296, 4.7289344963768], [-74.0503459294937, 4.72825562654263], [-74.0503510593345, 4.72822935712324], [-74.0503679478112, 4.72813597303298], [-74.0503712414424, 4.72812066448774], [-74.0503986952534, 4.72796447989387], [-74.050457113315, 4.72763213945718], [-74.0504872284302, 4.7274608143231], [-74.0505086593941, 4.72733889331397], [-74.0505468403609, 4.72712354618548], [-74.0505532153506, 4.72707920797512], [-74.0505786175617, 4.72697365481434], [-74.0507942479083, 4.72561695122031], [-74.0508140490619, 4.72550200888319], [-74.051021942672, 4.72430826834658], [-74.0510285757745, 4.72424586543052], [-74.0510636085138, 4.72403085880071], [-74.0511602712095, 4.72343760915432], [-74.0512154774318, 4.72309879029537], [-74.0512415100245, 4.7227802829735], [-74.0512667438884, 4.7226600404676], [-74.0513360983243, 4.72225234662602], [-74.051350718701, 4.7221664019515], [-74.0513595366787, 4.72210841149686], [-74.0513710619556, 4.72203693578724], [-74.0514152902717, 4.72176440929499], [-74.0514417299696, 4.72160149272551], [-74.0515184190704, 4.72112894783551], [-74.0515450524807, 4.72096483714982], [-74.0516280067856, 4.72045368557189], [-74.0516561076006, 4.7202805324213], [-74.051706162425, 4.71997210149363], [-74.051777500494, 4.71950142945108], [-74.0517961753486, 4.71939446557048], [-74.0519084280245, 4.71873197516122], [-74.0519124980751, 4.71870500279976], [-74.0519199540373, 4.7186598249663], [-74.0520130253551, 4.71813248905307], [-74.0520487838492, 4.71792483453718], [-74.0520838273075, 4.71772996370929], [-74.0521595583427, 4.71730741689698], [-74.0525575126408, 4.71497248569801], [-74.0525841082147, 4.71481643964854], [-74.0525880712315, 4.71479199486717], [-74.0526420955691, 4.71445876028039], [-74.0527168167598, 4.71399786185806], [-74.0527823989996, 4.71359333387152], [-74.0528101096952, 4.7133969326098], [-74.052871284358, 4.71310808391676], [-74.0529037915242, 4.71291870074091], [-74.052917725705, 4.71283555640404], [-74.0529347960789, 4.71270467452881], [-74.0529502744222, 4.71261537204105], [-74.0532632229093, 4.71066988186325], [-74.0533355092615, 4.71024910620136], [-74.0534084260229, 4.70982625640769], [-74.0535659579919, 4.70886915716326], [-74.0536388545479, 4.70841688422815], [-74.0539810077723, 4.70636634885118], [-74.0540590524901, 4.70592409282074], [-74.0540944331903, 4.70574335221859], [-74.0541045821771, 4.70569480570574], [-74.0542574890819, 4.70479113943248], [-74.0542855261655, 4.70462544233674], [-74.0543185758126, 4.70443012119586], [-74.0543233023357, 4.7044146152946], [-74.0543327999733, 4.70435055556361], [-74.0543426321409, 4.70429122524197], [-74.0543693754112, 4.70412984804451], [-74.0545531335438, 4.70302099110485], [-74.0551831505037, 4.69925427616859], [-74.0552544008538, 4.69879512493522], [-74.0553419020179, 4.69826820046838], [-74.0553701601891, 4.69809803191982], [-74.0554001100551, 4.69791767596582], [-74.0554256323373, 4.69776356770983], [-74.0554542976773, 4.6975904809579], [-74.0558917094511, 4.69494928838867], [-74.0559231879333, 4.69474042050974], [-74.0559328143101, 4.69468588582098], [-74.0559414735343, 4.69461328233466], [-74.0559468477138, 4.6945877128274], [-74.0559638071792, 4.69449552945458], [-74.0559769023394, 4.69442335923464], [-74.0560153795655, 4.69421130289944], [-74.0560320140013, 4.69411962685368], [-74.056072743719, 4.69387674043329], [-74.0560917712108, 4.69376327234504], [-74.0561036382862, 4.69369515300392], [-74.0563251440783, 4.6924236623717], [-74.0564160994117, 4.691911437149], [-74.0566572673148, 4.6904855898897], [-74.0566905684532, 4.69026213156725], [-74.0569916704941, 4.68844448369059], [-74.0570809905713, 4.68782331417838], [-74.0571190289956, 4.6875468815797], [-74.0573176599213, 4.68635577810051], [-74.0573632171154, 4.68609056256229], [-74.057421017474, 4.68576340002158], [-74.0574584901441, 4.68556290910184], [-74.0574714215726, 4.68550200864665], [-74.057476133438, 4.68547272753392], [-74.0574890680001, 4.68540948404238], [-74.057502022956, 4.68533101112924], [-74.0575175692327, 4.68525633629304], [-74.0575281596209, 4.68519894714767], [-74.0575989303928, 4.68483739785929], [-74.0576512286012, 4.6845405618719], [-74.0576814112893, 4.68436924973885], [-74.05777068457, 4.68386254802095], [-74.0578005960625, 4.68369277462349], [-74.0578090352701, 4.68364487485205], [-74.0578614597814, 4.68321055960045], [-74.0578821659944, 4.68303901697111], [-74.0578882713041, 4.68298843691166], [-74.0579204804909, 4.68273867919562], [-74.0579395281241, 4.68261661474592], [-74.0579539992468, 4.68254742069309], [-74.0579641374793, 4.68249264030735], [-74.057982920065, 4.68242489402185], [-74.0580325039019, 4.68224833323512], [-74.058128780129, 4.68170713195303], [-74.0582782547116, 4.68082134044772], [-74.0584490949829, 4.67971253312252], [-74.0590036021976, 4.67647807709752], [-74.059030241042, 4.6763226907601], [-74.0590890305795, 4.67597976667163], [-74.0591181682585, 4.67580980405135], [-74.0592412987105, 4.67509157192489], [-74.0592613281014, 4.67497473827798], [-74.0593652583907, 4.67436850042232], [-74.0594103774721, 4.67404487348184], [-74.0594556739217, 4.67378055542236], [-74.059493731509, 4.67355847799705], [-74.0597122721153, 4.67228322367008], [-74.0598230401364, 4.67159444525291], [-74.0598496997044, 4.67142867022253], [-74.0599033024954, 4.67109535594139], [-74.0599309263271, 4.67092358450177], [-74.0599970525249, 4.67051239578945], [-74.0601950266341, 4.66926649226067], [-74.0602456264468, 4.66894805305282], [-74.0602890686119, 4.66876020196389], [-74.0603324280459, 4.66857270846901], [-74.0603429726053, 4.66852711199592], [-74.0604047927998, 4.66821929812103], [-74.0604362261895, 4.66806278545661], [-74.0605487032087, 4.66750274068251], [-74.0605697878273, 4.66739775614654], [-74.0605758871462, 4.66734912473828], [-74.0606248163356, 4.66709654892737], [-74.0606693604178, 4.66696171841948], [-74.0606915983764, 4.66691993224305], [-74.0607165331729, 4.66687207961873], [-74.0607360689047, 4.66684040658327], [-74.0607753405902, 4.66676328747841], [-74.0608592201073, 4.66649541911719], [-74.0609387638444, 4.66613565358392], [-74.0609798465278, 4.66586361746833], [-74.0610491505362, 4.66475812758975], [-74.0610546176554, 4.66469068982256], [-74.0610590225683, 4.66462978434637], [-74.0610641021578, 4.66460035009344], [-74.061163866212, 4.6640222552456], [-74.061166796787, 4.66400527365192], [-74.0611688303752, 4.66399246180514], [-74.0612052546213, 4.66376354305916], [-74.0612392195178, 4.66357056420563], [-74.0613250954748, 4.66308264075569], [-74.0613516821878, 4.66293158218135], [-74.061400179304, 4.6626560343025], [-74.0614369813927, 4.66240138829699], [-74.0614616807212, 4.66223048517404], [-74.0615082784012, 4.66190805945947], [-74.0615801706051, 4.66147795261004], [-74.0616425935224, 4.66112147232445], [-74.0616869158192, 4.66092820218767], [-74.061777620918, 4.66046921175967], [-74.0618689798792, 4.65993346719501], [-74.0618772411166, 4.65986528875869], [-74.0618851535237, 4.65982347668685], [-74.0619077276821, 4.65966602606584], [-74.0619178776416, 4.65960726932946], [-74.0620182473258, 4.65898313571424], [-74.0620448729827, 4.65879657548057], [-74.0620777376689, 4.65856629947828], [-74.0620926508652, 4.65847189622009], [-74.0621256662626, 4.65829499979019], [-74.0621548825558, 4.6581384588359], [-74.0621755312419, 4.65802782307039], [-74.0622192794954, 4.65776031812775], [-74.0622446318542, 4.65761917388554], [-74.0622769567244, 4.65743921143485], [-74.0622806543785, 4.657418625453], [-74.0623478897659, 4.65709229568857], [-74.0624467489083, 4.65659058111515], [-74.0625063419602, 4.65626711756075], [-74.062576549234, 4.6559770686151], [-74.0626140380157, 4.65584517419852], [-74.0626764164611, 4.65572627465894], [-74.0627542568128, 4.65556335988098], [-74.0628935897352, 4.6553135838007], [-74.0630155086076, 4.65509161745346], [-74.0630974795823, 4.65494238041722], [-74.063148053861, 4.65485030442204], [-74.0632070061461, 4.65474297530946], [-74.0632504320623, 4.65466695781726], [-74.0632642721855, 4.65464060852088], [-74.0633431670182, 4.65449040580849], [-74.0635114528123, 4.65417001719386], [-74.0636188203986, 4.65397134775815], [-74.0636523827628, 4.65390655638806], [-74.063732798174, 4.65373480884383], [-74.0637783904789, 4.65364212527381], [-74.0638538753305, 4.65347752130323], [-74.0638601909165, 4.65346252674847], [-74.0638755579274, 4.65342506958226], [-74.063953253148, 4.65323980920589], [-74.0639685525322, 4.65318939161139], [-74.0640023066833, 4.65308408221432], [-74.0640137280877, 4.65304182964899], [-74.064025943675, 4.65299300437081], [-74.0640405063584, 4.65293347662136], [-74.0640625305698, 4.65282029437546], [-74.0641759618642, 4.65226033117166], [-74.0641996323143, 4.65214347981492], [-74.0642205972151, 4.65204706110028], [-74.0642799658813, 4.65175627863561], [-74.0642884353746, 4.6517123209836], [-74.0644385205309, 4.65106050831548], [-74.0644714030821, 4.6508953121859], [-74.0644890078755, 4.65079821452944], [-74.0645100055897, 4.6506768411171], [-74.0645419884771, 4.65050991949155], [-74.0645483255594, 4.65047285548141], [-74.0645743709676, 4.65033090617437], [-74.0646046637174, 4.65020049133513], [-74.0646700648865, 4.64986724485872], [-74.0646795067215, 4.64981830942692], [-74.0647787679443, 4.64925184137376], [-74.0648385683376, 4.64892327379225], [-74.0648864870873, 4.64865998842211], [-74.0649289457582, 4.64842579035855], [-74.064960259595, 4.64825306600117], [-74.0649907641752, 4.64808480530197], [-74.065049493373, 4.64774774694592], [-74.0650571647065, 4.64770371962404], [-74.0650796574385, 4.64756549639368], [-74.0651159494679, 4.64734247298547], [-74.0651719436948, 4.64702307655883], [-74.0652504547209, 4.6465673588708], [-74.0653456434942, 4.64605906317227], [-74.065405899148, 4.64570704207909], [-74.0654799061864, 4.64527787289444], [-74.0654889494358, 4.64522543074369], [-74.0655926425442, 4.64469351674774], [-74.0656066040312, 4.64461982440626], [-74.0656692738085, 4.64428903680658], [-74.0657486847335, 4.64383506690898], [-74.0657901685934, 4.64358535399075], [-74.0658217390741, 4.64339531466177], [-74.0658708625809, 4.64309679294501], [-74.0658991784093, 4.64292471852476], [-74.0659943400526, 4.64244373390943], [-74.0659969964734, 4.64242952447802], [-74.0660305885017, 4.64224983764806], [-74.0660857933018, 4.6419545418126], [-74.06615635114, 4.64148418843362], [-74.0662586084206, 4.64095976934466], [-74.066382712079, 4.64023918675812], [-74.0663827327021, 4.6402234904419], [-74.0664281295147, 4.63994837396538], [-74.0664933154343, 4.63951807551556], [-74.0666552641178, 4.63865568726929], [-74.0667408611503, 4.638181431346], [-74.0667667528137, 4.6380350651226], [-74.0668301647197, 4.63767659561498], [-74.0668416853785, 4.63760511888509], [-74.0668549458104, 4.63752666867607], [-74.0668839404279, 4.63735513315351], [-74.0669185262044, 4.63715051950861], [-74.0669563189575, 4.6369241952678], [-74.0669880754518, 4.63673401935347], [-74.0670015761703, 4.63665316933644], [-74.0670443217273, 4.63642695251467], [-74.0670971281702, 4.63614749144501], [-74.0671490103654, 4.63584680427338], [-74.067178116794, 4.6356781155923], [-74.0672696937798, 4.63510701359292], [-74.0673634205655, 4.6346095968678], [-74.0673768757066, 4.63453223429033], [-74.0674580942355, 4.63414139498142], [-74.067547027478, 4.63365632129335], [-74.0676058544781, 4.63330573597658], [-74.0676862769868, 4.6328728315114], [-74.0677686499337, 4.63245128388082], [-74.0678338526483, 4.63207088061258], [-74.0678407165928, 4.63203071517829], [-74.0678871737289, 4.63175886385809], [-74.0679282302957, 4.63154420980498], [-74.0679573303574, 4.63139206724298], [-74.0679609939526, 4.63137106613083], [-74.0679807258019, 4.63125795567895], [-74.0680024176159, 4.63113360989867], [-74.0680508003646, 4.63085379680037], [-74.0680548569481, 4.63083033624865], [-74.068079905452, 4.63069156488586], [-74.0681193497741, 4.63047303899058], [-74.0681803261268, 4.63014494832434], [-74.068233606678, 4.62981560110616], [-74.0683094701918, 4.62938801434671], [-74.0683757662614, 4.62903314183533], [-74.0684232114204, 4.62875381528778], [-74.068498318367, 4.62837352275265], [-74.068605177, 4.62782052961047], [-74.0686290722089, 4.62768161275171], [-74.068667491911, 4.62747117968307], [-74.0686818106379, 4.62737997432193], [-74.0687185071541, 4.62714622996685], [-74.0687196825544, 4.62713874306162], [-74.0687641557313, 4.62689395400023], [-74.068779556168, 4.62680918692273], [-74.0687941901622, 4.62672213824483], [-74.0688414316788, 4.62644112712931], [-74.0688491224387, 4.6263953794309], [-74.0688771672688, 4.62624952646303], [-74.0689107071411, 4.62607509526298], [-74.0689403448634, 4.62587371046337], [-74.0689496163467, 4.62581071179623], [-74.0689915667857, 4.62545530973059], [-74.0690821158599, 4.62507427902657], [-74.0691775114504, 4.624555378441], [-74.0691979432718, 4.62444682149486], [-74.0692511511737, 4.6241831426045], [-74.0693448407285, 4.62379902768206], [-74.0694012283305, 4.62346922886855], [-74.0694508133434, 4.62321473141516], [-74.0694895631306, 4.62300071585136], [-74.0695233238037, 4.62273362870759], [-74.0695610570078, 4.6224945374945], [-74.0695662103493, 4.62244686421583], [-74.0696058243163, 4.62218699468669], [-74.0696279258079, 4.62210331896508], [-74.0697293379436, 4.62176487739285], [-74.0698212411599, 4.62148963344938], [-74.0698708828335, 4.62134095985648], [-74.0698794749909, 4.62131522689352], [-74.069995373356, 4.62103503842775], [-74.0700765604366, 4.62083967646586], [-74.0701312324948, 4.62070811800585], [-74.0701443307169, 4.62067909424681], [-74.0702024221943, 4.62055037192495], [-74.0706132372549, 4.61977528156244], [-74.0709252390709, 4.6191866219241], [-74.0711700970258, 4.61872464291099], [-74.0717311571508, 4.61764121986485], [-74.0717576476723, 4.61758734869761], [-74.0719718672121, 4.6171737324595], [-74.0719891684586, 4.61714032709058], [-74.0720918685934, 4.61694572008605], [-74.0722035374735, 4.61673411799295], [-74.0722846843686, 4.61658035209967], [-74.0724499487964, 4.6162671909432], [-74.0725167246284, 4.61614065666717], [-74.0725998407233, 4.61598315895572], [-74.0726574386707, 4.6158740158395], [-74.0727195919138, 4.61575677967367], [-74.0728483485115, 4.61547246998261], [-74.0729474595907, 4.61526933174607], [-74.0729720157191, 4.61523014196843], [-74.0730219958829, 4.61515412713727], [-74.0731255607696, 4.61504360187868], [-74.0731818164995, 4.61500017353515], [-74.0732440829046, 4.61494697728927], [-74.0732637129507, 4.61493020668963], [-74.0733459545388, 4.6148655244729], [-74.073431287166, 4.61480347016017], [-74.0734463472302, 4.61479251840382], [-74.0734765460756, 4.61476682912247], [-74.0734946689143, 4.61474869134102], [-74.0735495078203, 4.61469992842812], [-74.0736084109554, 4.61463795372536], [-74.0736371123064, 4.61460393848478], [-74.0736673356624, 4.61455933105357], [-74.0736824605821, 4.61452681154227], [-74.0736892654711, 4.61451319934148], [-74.0736986754403, 4.61448691972268], [-74.0737164254653, 4.6144244426911], [-74.0737439556971, 4.61434134331204], [-74.0737494144667, 4.61432619724774], [-74.0737560967992, 4.6142995363321], [-74.0737764744634, 4.61418669924855], [-74.0737802285985, 4.6141598460756], [-74.0738077902116, 4.61391194418913], [-74.0738228119351, 4.61375576242664], [-74.0738370580844, 4.61365461289072], [-74.073847908543, 4.6135804370897], [-74.0738668031013, 4.61350320911466], [-74.0738775941237, 4.61347489611837], [-74.0738890572898, 4.61344658399866], [-74.0740149931922, 4.61314903836944], [-74.0741491712015, 4.61289699500049], [-74.0742203829047, 4.61275850068496], [-74.0743155927356, 4.61257333408923], [-74.0744348530097, 4.61234889629137], [-74.0744855749549, 4.6122473052483], [-74.0745851409339, 4.61204788431673], [-74.0747149972782, 4.61180229501064], [-74.0747515680025, 4.61173313100967], [-74.0747912790934, 4.61164916474852], [-74.0748971822544, 4.61142523995679], [-74.0750152635237, 4.61119742593252], [-74.0750580718242, 4.61111483588966], [-74.0750971424072, 4.61103933661126], [-74.0752406556872, 4.61076201398941], [-74.0753873515134, 4.61047239615997], [-74.0756128682209, 4.61003997719736], [-74.0757393001134, 4.60979093352216], [-74.0758548426696, 4.60956333929033], [-74.0760489038664, 4.60922130600635], [-74.0760804883962, 4.60916563816006], [-74.0761675107862, 4.60902592083489], [-74.0762889418172, 4.60882747888866], [-74.0764796958662, 4.60850837567757], [-74.0766125549465, 4.60831907505979], [-74.0768999798094, 4.60790954512072], [-74.0769380062208, 4.60785536411276], [-74.0769999458369, 4.60776500670679], [-74.077049791982, 4.60769229121145], [-74.0772844250822, 4.60735822079443], [-74.0773810012332, 4.60722071561596], [-74.078153411353, 4.60612095485263], [-74.0797036305582, 4.60393118295077], [-74.0797484246491, 4.60387740127064], [-74.0798144205742, 4.60377901615052], [-74.0798320778397, 4.6037405215388], [-74.0798643215291, 4.60371168145043], [-74.0799390430681, 4.60362274997575], [-74.0800691604696, 4.60345345562535], [-74.0802454658267, 4.60321648861314], [-74.080428942184, 4.60296988301431], [-74.0805251776694, 4.60283636886111], [-74.0806191583222, 4.60270598292208], [-74.0807954008147, 4.60246146918436], [-74.080833104448, 4.60241160817091], [-74.0809264899339, 4.60228882622192], [-74.0810292430986, 4.6021537277045], [-74.0810410090648, 4.60213825796115], [-74.0813892718827, 4.60162197989602], [-74.0816002484914, 4.60131687337167], [-74.0820918232281, 4.60062362696762], [-74.0821095545221, 4.60059862126043], [-74.0824743280704, 4.60008468947151], [-74.0825518584469, 4.59997545628727], [-74.0827749834468, 4.59964677332619], [-74.0828253594103, 4.5995765054305], [-74.0831600778201, 4.59910961640654], [-74.0835259244305, 4.5986348179038], [-74.0838325298721, 4.59823690230489], [-74.0839306982812, 4.59810949822345], [-74.0841703453471, 4.59779848123875], [-74.0842457906604, 4.59769132431369], [-74.0843515141445, 4.59754116244213], [-74.084355431751, 4.59753559815983], [-74.0844906061161, 4.59738808080095], [-74.085271737619, 4.59636106258552], [-74.0854610997977, 4.59612429587036], [-74.0857427030918, 4.59576680055412], [-74.0860152974875, 4.59541932350425], [-74.0861765362139, 4.59520664695914], [-74.0862492993086, 4.59511403682958], [-74.0863619029484, 4.59497071908103], [-74.0864142846633, 4.59490769772682], [-74.0865136031637, 4.59478470080607], [-74.0866530903512, 4.59461195851348], [-74.0870965490339, 4.59408201665448], [-74.0871268403058, 4.59404630922599], [-74.0874849642978, 4.59361309185921], [-74.0877735011125, 4.59326514165068], [-74.0880651323957, 4.59291370960502], [-74.088358441816, 4.59256532098967], [-74.0883847666067, 4.59253283619768], [-74.088595824385, 4.59227239073331], [-74.0886193839517, 4.59224476809389], [-74.0887078268352, 4.59215774834911], [-74.0887661314364, 4.59210678917452], [-74.0888083449543, 4.59207396753518], [-74.088835254018, 4.59205511711129], [-74.0888513996267, 4.59204367196507], [-74.0888801508043, 4.59202410458273], [-74.0888978140775, 4.59201405514152], [-74.088920684382, 4.59199992075527], [-74.0889307791499, 4.59199488371959], [-74.0889410982546, 4.59199021525051], [-74.0889556564029, 4.59198310399884], [-74.0889798761149, 4.59196999151828], [-74.0890121596235, 4.59195317132397], [-74.0890625982718, 4.59193030420198], [-74.0892714134834, 4.591835764494], [-74.0893889703055, 4.59178861482931], [-74.0894304907085, 4.5917682735273], [-74.0895050604153, 4.59173011318538], [-74.0895237024685, 4.59172078958975], [-74.0896003658224, 4.59168229725875], [-74.0896407511925, 4.59165481536627], [-74.0896559434364, 4.59164249384135], [-74.0896876059787, 4.59161681423472], [-74.0897191162934, 4.59158770139384], [-74.0897482086573, 4.59155615604335], [-74.0897861883834, 4.59151652396119], [-74.0898128556084, 4.59148821474079], [-74.0902376339219, 4.59095340023085], [-74.0903360989343, 4.59082942829155], [-74.0905933927676, 4.59050709136337], [-74.0906096331556, 4.59048688322958], [-74.0906930245684, 4.59038311814251], [-74.09097078218, 4.59003062607673], [-74.0912467855461, 4.58968970201536], [-74.0916359143433, 4.58919960617908], [-74.0919294238353, 4.58883374905735], [-74.0921396192576, 4.58857410325186], [-74.0923723962026, 4.58828187484579], [-74.0925978434742, 4.58801160208495], [-74.0927360238574, 4.58782291329286], [-74.0928852845184, 4.58764387890977], [-74.0929351025632, 4.58757986868685], [-74.0931182140036, 4.5873610457374], [-74.0933392954158, 4.58706783783927], [-74.0934085460794, 4.58697641945788], [-74.0934032509385, 4.58698563514678], [-74.0935048980941, 4.58686166388834], [-74.0935840657115, 4.58675647193147], [-74.0937995501252, 4.58651407347684], [-74.0938078991028, 4.58650468170523], [-74.0939756178955, 4.58631053495457], [-74.0941651610419, 4.58612230712947], [-74.0942525649169, 4.58603550973039], [-74.0944968599898, 4.58580309341537], [-74.0946856501539, 4.58563817766994], [-74.0948175161016, 4.58555240590491], [-74.0950004297388, 4.58544099691662], [-74.0952830219002, 4.58527560762318], [-74.0953522017983, 4.58524112837761], [-74.0958992598213, 4.58498932431982], [-74.0963604308145, 4.58478434569339], [-74.0968759481071, 4.58454697051909], [-74.0973609738355, 4.58430997253099], [-74.0977013458869, 4.58411752851998], [-74.0979437383141, 4.58395830969495], [-74.0981919565025, 4.58379962742463], [-74.0986126877395, 4.58351108628821], [-74.098749819625, 4.58341688595699], [-74.0990363595244, 4.58324458574235], [-74.099156628687, 4.58317865416768], [-74.0992143408259, 4.58314337974112], [-74.0993606816539, 4.58306035929781], [-74.0994178143565, 4.5830249134541], [-74.0994279461009, 4.58301862759214], [-74.0995328712637, 4.58295940739324], [-74.0998084727784, 4.58280084409427], [-74.0998773738146, 4.58276120286108], [-74.0999311780757, 4.58273361779226], [-74.1001114355253, 4.58263065249944], [-74.1004587332851, 4.58243660426157], [-74.1004889981069, 4.58242112978469], [-74.1010977156169, 4.5820912449459], [-74.1013025276722, 4.58197872140746], [-74.1018247551963, 4.58169180966411], [-74.1018546877503, 4.5816754425865], [-74.1023921678419, 4.58138154887179], [-74.1031067407326, 4.58099820906521], [-74.1039998048604, 4.58058479119909], [-74.1069887597838, 4.57912328164071], [-74.1074065764156, 4.57895551772811], [-74.1075371607766, 4.57890308474374], [-74.1077982449617, 4.57879840150296], [-74.10790770945, 4.57875451103194], [-74.1079547853225, 4.57873231253375], [-74.1079884071252, 4.57871953970757], [-74.1079947053989, 4.57871704533985], [-74.1081780296227, 4.57864444159633], [-74.1082008900057, 4.57863772549012], [-74.108251318106, 4.57862227576105], [-74.1085387688344, 4.5785332830233], [-74.1089820767558, 4.57840802720464], [-74.1089990151706, 4.57840400799104], [-74.1091778537514, 4.57835971630634], [-74.1095280470947, 4.57826584962442], [-74.1098373241272, 4.57818327583531], [-74.1102120613875, 4.57807014701256], [-74.110922363661, 4.57786122471128], [-74.1115749081922, 4.57766826773995], [-74.1121121702911, 4.57750262184179], [-74.1126798026536, 4.57733013372216], [-74.1132030794346, 4.57716259976625], [-74.1135950279591, 4.57704230107967], [-74.1137570236415, 4.57700074983204], [-74.1140516899874, 4.57693777512835], [-74.1141920601125, 4.57689962605098], [-74.114401511657, 4.57684270231573], [-74.1146883074861, 4.57678534200926], [-74.1148273875887, 4.57675752538921], [-74.1154387192229, 4.57663337409743], [-74.1158284591191, 4.57656910740484], [-74.116462957742, 4.57647196034327], [-74.1168710169147, 4.57640434335387], [-74.1174126908877, 4.57631935489867], [-74.1175515957766, 4.57630312452825], [-74.1175919286441, 4.57629845302625], [-74.1176454039693, 4.5762894329325], [-74.1177260672259, 4.57628211330083], [-74.1178135650037, 4.57627102225643], [-74.1179159415966, 4.57625636134797], [-74.1179426331494, 4.5762536453291], [-74.1180119201572, 4.57624604469209], [-74.1180256356916, 4.57624444205252], [-74.1180401422719, 4.57624203538626], [-74.1180724248223, 4.57623465339444], [-74.1181087282812, 4.57622727904361], [-74.1184222836065, 4.57617828517625], [-74.1184877846461, 4.57617035582014], [-74.1185356025197, 4.57616305655091], [-74.1189204180168, 4.57610133542878], [-74.1194782644406, 4.57600547251545], [-74.1195764863528, 4.57598306048714], [-74.1200218241231, 4.57588144424277], [-74.1201304451407, 4.57585665927697], [-74.120158007749, 4.575851971921], [-74.1201750400032, 4.5758480997054], [-74.1201935181032, 4.57584321088578], [-74.1207249920608, 4.5757025966007], [-74.1207899385134, 4.57568447909808], [-74.1213652995732, 4.57552397570818], [-74.1216319716239, 4.57544973027934], [-74.1219471725636, 4.57537358698084], [-74.1221085563464, 4.57533828724203], [-74.1222420420802, 4.57530459330585], [-74.1223213865032, 4.57527636313038], [-74.1223711884917, 4.57525836617888], [-74.1224164288572, 4.5752424833061], [-74.1224820862669, 4.57521023432971], [-74.1225737680261, 4.57516182536739], [-74.1226847265703, 4.57509645115906], [-74.1227271110447, 4.57506277991594], [-74.1227682928528, 4.5750313891419], [-74.1227891195541, 4.57501801068316], [-74.1227972675488, 4.57501298576712], [-74.1228227182679, 4.57500060678649], [-74.1229903843996, 4.5749117366891], [-74.1230203285601, 4.57489275724784], [-74.1230362054421, 4.57488083042291], [-74.1231270425855, 4.57481788822412], [-74.1232218143802, 4.574740166548], [-74.1232347576281, 4.57472487275484], [-74.1232946702674, 4.57466689689399], [-74.1233945262678, 4.57456893598034], [-74.1234125007831, 4.5745509427087], [-74.1234414743273, 4.57450994337658], [-74.1234887023032, 4.5744519696254], [-74.1235158608516, 4.57441490092646], [-74.123606816249, 4.57427815466812], [-74.1236503826363, 4.57420497333399], [-74.1236861965656, 4.57412243339912], [-74.1237135489972, 4.57404952832966], [-74.1239067698671, 4.57350924458266], [-74.1240222101703, 4.57314970887336], [-74.1242463858162, 4.57250450963915], [-74.124358633528, 4.57218679085122], [-74.1243724772348, 4.57214746125457], [-74.1245221712476, 4.57167566592439], [-74.1245789886533, 4.57150036321806], [-74.124674095935, 4.57120504573849], [-74.1246900224277, 4.57115559237663], [-74.1247014868393, 4.57112390656244], [-74.1247251209203, 4.57105027472957], [-74.1247817720528, 4.57087377839217], [-74.1248342335059, 4.57074593425054], [-74.1248548468851, 4.57069635697288], [-74.1248699145945, 4.57065626898253], [-74.1249402833479, 4.57046905120034], [-74.1249520171128, 4.57043783322011], [-74.1249936448211, 4.57034073549098], [-74.1251429031733, 4.57000943855681], [-74.1253196922509, 4.56959143724026], [-74.1253588017797, 4.56950576381596], [-74.1253870825959, 4.56944381177729], [-74.1255633298198, 4.56909471741264], [-74.125776841872, 4.56869037201946], [-74.1260090544992, 4.56825418791297], [-74.1264412916114, 4.5675548067907], [-74.1264531787908, 4.5675284783352], [-74.1264980797326, 4.56742569494438], [-74.1265317946473, 4.56733535775119], [-74.1265479865172, 4.56728479262481], [-74.1265761155142, 4.56714424365074], [-74.1265836343953, 4.56710249761626], [-74.1266033628431, 4.56692161073539], [-74.1266104010333, 4.56686835118662], [-74.1266179582304, 4.56673279298178], [-74.1266207111208, 4.5666795136213], [-74.126615811377, 4.56656681913598], [-74.126613816866, 4.56652368593918], [-74.1266097843717, 4.56647336179891], [-74.1266047186024, 4.56643125178446], [-74.1265951016478, 4.56636432396866], [-74.1265839008165, 4.56631809878988], [-74.1265575275322, 4.56623458055894], [-74.1265123197364, 4.56612291423384], [-74.1264420882861, 4.56598501579316], [-74.1262620405234, 4.56566374100103], [-74.1258242336785, 4.56494901705872], [-74.1257353600839, 4.56479208790706], [-74.1255751734283, 4.5645092370716], [-74.1254999607531, 4.56437656263147], [-74.1252880984965, 4.56400283938699], [-74.1251170933843, 4.56370228732728], [-74.1250906558592, 4.56364990290729], [-74.1250423712341, 4.56351558925111], [-74.1250144568285, 4.56341204881406], [-74.1249929910637, 4.56330313813167], [-74.1249868384865, 4.56325850307732], [-74.1249865262363, 4.56318035146539], [-74.1249859523465, 4.56285436631691], [-74.1249849415533, 4.56267231485945], [-74.1249781723222, 4.56258033971957], [-74.1249606564758, 4.56245356549746], [-74.1249423718326, 4.56236553856017], [-74.1248908605869, 4.56218659771805], [-74.1246892112424, 4.56175577515957], [-74.1244929656567, 4.56139127018494], [-74.1242665088062, 4.56093323871929], [-74.1241031869198, 4.56056838682534], [-74.1239309338903, 4.5602095661788], [-74.1239154841908, 4.56017738286215], [-74.1237539485581, 4.55981228528013], [-74.1237071617556, 4.55970653921268], [-74.1235603710147, 4.55942598553273], [-74.1233793476637, 4.5591360995367], [-74.123167570976, 4.55887379421053], [-74.1230185683928, 4.55870355840921], [-74.1228876620289, 4.55855152654831], [-74.1226327008105, 4.55826002260657], [-74.1226197942868, 4.55824233760766], [-74.1225972673846, 4.55821688091076], [-74.1223790538174, 4.55796045745111], [-74.1223138415797, 4.55787780659382], [-74.1222595562806, 4.55780866520121], [-74.1222277624522, 4.5577552979715], [-74.1221945914367, 4.55769924655646], [-74.1220389560227, 4.55734932551152], [-74.1219656265481, 4.55720435763802], [-74.1219383847951, 4.55715050234989], [-74.1218487823175, 4.55697336365294], [-74.1218305902514, 4.55693739902528], [-74.1216786419701, 4.55661771174564], [-74.121658539512, 4.55658554651363], [-74.1216411832201, 4.55655350148019], [-74.1216302262451, 4.55652949538591], [-74.1216120597632, 4.55648790003098], [-74.1216059965257, 4.55646768383467], [-74.121586781353, 4.55640361612488], [-74.1215809938207, 4.55635966576902], [-74.1215746130789, 4.55630862381498], [-74.1215504190959, 4.55617357685009], [-74.1215398577205, 4.55606578776771], [-74.1215240866693, 4.55596060437378], [-74.1214815908178, 4.55579594023959], [-74.1214385661083, 4.55530440637567], [-74.1214088619336, 4.55496505240005], [-74.1214090668938, 4.55495372569535], [-74.1214102208105, 4.55488995682805], [-74.1213782865226, 4.55427497079738], [-74.1213129747067, 4.55312066816549], [-74.1213255114684, 4.55246005793057], [-74.1213213726611, 4.55211204387041], [-74.1212922511645, 4.55177354633944], [-74.1212311038672, 4.55118388038257], [-74.1211518525958, 4.54967765788008], [-74.1211144799699, 4.54915254606127], [-74.1210389981646, 4.54870981097114], [-74.1210030656751, 4.54842143193546], [-74.1209987563614, 4.54807565083072], [-74.1210433828312, 4.54763381779546], [-74.1210434327856, 4.54759260628467], [-74.1210891218306, 4.54711544386424], [-74.1210453162029, 4.5461475528633], [-74.1210447002459, 4.54613394323547], [-74.1210419721316, 4.54587598585033], [-74.1210375276064, 4.54574675624322], [-74.1210196883108, 4.54541246256874], [-74.1210128569159, 4.54532071547193], [-74.1209643353167, 4.54466906019251], [-74.1208182419559, 4.54352869446752], [-74.1207319226739, 4.54199154937079], [-74.1206489811667, 4.54093955844291], [-74.1205987659424, 4.54034573230681], [-74.120589917491, 4.5401198209476], [-74.1205856964244, 4.53983896640471], [-74.1205786157727, 4.53940852568221], [-74.1205715738802, 4.53894603139035], [-74.1205502836101, 4.53843341966473], [-74.1205400194424, 4.5378456134847], [-74.1205179675998, 4.53760802471065], [-74.1204554932614, 4.53733876047656], [-74.1203858327683, 4.53711124860571], [-74.1202452819108, 4.53674625761949], [-74.1201862767979, 4.53650807423837], [-74.1201711528042, 4.53644242248005], [-74.1201698690665, 4.53624704745274], [-74.1201836758287, 4.5361447983499], [-74.1202264449617, 4.53598000423345], [-74.1202676162926, 4.53587931498174], [-74.1204779276415, 4.53546287623232], [-74.120581539587, 4.53527373434938], [-74.1206684939883, 4.53502989260925], [-74.1207341344465, 4.53481017735464], [-74.1207464559289, 4.53467892574513], [-74.1207132890198, 4.53444687930068], [-74.1206299119029, 4.53424682521842], [-74.1204508388329, 4.53397644220345], [-74.1201533565258, 4.53355938477556], [-74.1200722279368, 4.53343683673791], [-74.1198311219717, 4.53307263610981], [-74.1197649329006, 4.5329794830085], [-74.119581675922, 4.53278261349877], [-74.1195571990995, 4.53273226335146], [-74.1195252996293, 4.53264443158231], [-74.1194749409266, 4.53230121804752], [-74.1194704550442, 4.53225802888323], [-74.1194180890019, 4.53172867670081], [-74.1194173385626, 4.53172109074128], [-74.1193964643342, 4.53151972231295], [-74.1193745566538, 4.53128883386166] ] } "
--- FULL TRAZADO END ---
Failed to parse key 0
Value of key 0: {
